0.0 0.908451 0.397446 0.033647 0.053157
0.0 0.833490 0.214877 0.030867 0.052748
0.0 0.882209 0.658926 0.035920 0.059021
0.0 0.836386 0.492300 0.028645 0.048305
0.0 0.619417 0.244290 0.029738 0.059475
0.0 0.781436 0.550519 0.028849 0.053839
0.0 0.685448 0.648191 0.033102 0.057218
0.0 0.743167 0.816576 0.030232 0.054043
0.0 0.520781 0.705154 0.029585 0.055337
0.0 0.363043 0.212369 0.027668 0.059171
0.0 0.037253 0.281204 0.032607 0.062650
0.0 0.194329 0.613905 0.029381 0.049777
0.0 0.111377 0.753527 0.028747 0.051072
0.0 0.274910 0.712773 0.031616 0.054247
0.0 0.224788 0.694378 0.029205 0.063538
