0.0 0.064983 0.453322 0.032712 0.058492
0.0 0.102836 0.724367 0.032698 0.047392
0.0 0.143344 0.542624 0.028539 0.050146
0.0 0.334774 0.460954 0.027841 0.051542
0.0 0.359720 0.229831 0.028546 0.055696
0.0 0.566223 0.032988 0.029939 0.059878
0.0 0.795317 0.086936 0.029939 0.059878
0.0 0.654986 0.403568 0.027850 0.058467
0.0 0.827240 0.381525 0.029235 0.057099
0.0 0.631436 0.628448 0.022980 0.052892
0.0 0.711293 0.633032 0.025764 0.050131
0.0 0.819695 0.573162 0.024366 0.051524
0.0 0.686120 0.768304 0.027150 0.048739
0.0 0.381794 0.884821 0.027146 0.045964
0.0 0.310383 0.796255 0.027144 0.044589
