0.0 0.957287 0.157650 0.031250 0.056950
0.0 0.863537 0.201400 0.032637 0.058325
0.0 0.810762 0.109725 0.028475 0.066675
0.0 0.625000 0.114575 0.029163 0.062500
0.0 0.599300 0.034725 0.023612 0.063900
0.0 0.556950 0.284725 0.029163 0.055550
0.0 0.971875 0.520825 0.025700 0.050000
0.0 0.951737 0.597225 0.034025 0.044450
0.0 0.956600 0.644450 0.032637 0.044450
0.0 0.819450 0.926400 0.030550 0.047225
0.0 0.737150 0.925700 0.027088 0.043050
0.0 0.437150 0.731250 0.020138 0.048600
0.0 0.367013 0.626400 0.025700 0.050000
0.0 0.193400 0.806950 0.027087 0.047225
0.0 0.257288 0.482650 0.024300 0.048600
0.0 0.219100 0.517350 0.027087 0.045825
