0.0 0.910084 0.571921 0.035007 0.056981
0.0 0.856046 0.361855 0.032247 0.056209
0.0 0.856876 0.816466 0.037448 0.063077
0.0 0.829642 0.634267 0.029904 0.051524
0.0 0.643682 0.300371 0.031354 0.062707
0.0 0.769791 0.668016 0.030289 0.057020
0.0 0.665666 0.723032 0.034603 0.060922
0.0 0.704344 0.911965 0.031663 0.057405
0.0 0.498695 0.709305 0.031066 0.058597
0.0 0.396430 0.161100 0.029299 0.062133
0.0 0.070704 0.091061 0.034294 0.066224
0.0 0.189192 0.482499 0.030680 0.053076
0.0 0.093390 0.584019 0.030096 0.054272
0.0 0.257544 0.613114 0.033037 0.057789
0.0 0.210486 0.574003 0.030962 0.066652
