0.0 0.042712 0.842350 0.031250 0.056950
0.0 0.136462 0.798600 0.032638 0.058325
0.0 0.189238 0.890275 0.028475 0.066675
0.0 0.375000 0.885425 0.029163 0.062500
0.0 0.400700 0.965275 0.023612 0.063900
0.0 0.443050 0.715275 0.029163 0.055550
0.0 0.028125 0.479175 0.025700 0.050000
0.0 0.048262 0.402775 0.034025 0.044450
0.0 0.043400 0.355550 0.032637 0.044450
0.0 0.180550 0.073600 0.030550 0.047225
0.0 0.262850 0.074300 0.027088 0.043050
0.0 0.562850 0.268750 0.020138 0.048600
0.0 0.632987 0.373600 0.025700 0.050000
0.0 0.806600 0.193050 0.027087 0.047225
0.0 0.742712 0.517350 0.024300 0.048600
0.0 0.780900 0.482650 0.027087 0.045825
