0.0 0.931464 0.620381 0.035063 0.063810
0.0 0.905255 0.343887 0.034578 0.052753
0.0 0.857177 0.518095 0.030552 0.054789
0.0 0.662971 0.566963 0.029916 0.056061
0.0 0.628303 0.793015 0.030795 0.060318
0.0 0.414190 0.954080 0.032360 0.064720
0.0 0.188213 0.861423 0.032360 0.064720
0.0 0.341479 0.569764 0.030219 0.062960
0.0 0.168912 0.562477 0.031541 0.061833
0.0 0.374492 0.349696 0.025133 0.056581
0.0 0.295118 0.331567 0.027788 0.054304
0.0 0.184566 0.372813 0.026455 0.055453
0.0 0.325943 0.201059 0.029109 0.053152
0.0 0.634116 0.136642 0.028988 0.050387
0.0 0.701510 0.237015 0.028927 0.049018
