0.0 0.931708 0.383172 0.034955 0.063563
0.0 0.904930 0.659447 0.034492 0.052502
0.0 0.857212 0.484845 0.030460 0.054573
0.0 0.663108 0.434379 0.029821 0.055852
0.0 0.628905 0.208044 0.030691 0.060104
0.0 0.415125 0.045217 0.032248 0.064496
0.0 0.188960 0.136013 0.032248 0.064496
0.0 0.341624 0.428931 0.030109 0.062753
0.0 0.169043 0.434798 0.031435 0.061614
0.0 0.374183 0.649270 0.025032 0.056411
0.0 0.294773 0.666745 0.027694 0.054110
0.0 0.184306 0.624589 0.026358 0.055272
0.0 0.325329 0.797506 0.029019 0.052947
0.0 0.633367 0.864459 0.028903 0.050181
0.0 0.700967 0.764642 0.028846 0.048811
