0.0 0.068929 0.625884 0.035229 0.064191
0.0 0.094256 0.349061 0.034709 0.053140
0.0 0.142888 0.522652 0.030695 0.055122
0.0 0.337246 0.569041 0.030063 0.056385
0.0 0.372634 0.794646 0.030955 0.060648
0.0 0.587257 0.952976 0.032532 0.065064
0.0 0.812933 0.857438 0.032532 0.065064
0.0 0.658740 0.567741 0.030388 0.063279
0.0 0.831281 0.558251 0.031705 0.062170
0.0 0.625026 0.348097 0.025287 0.056841
0.0 0.704341 0.328957 0.027932 0.054601
0.0 0.815022 0.368791 0.026604 0.055732
0.0 0.673100 0.198845 0.029248 0.053468
0.0 0.364728 0.138360 0.029117 0.050705
0.0 0.297656 0.239591 0.029053 0.049336
