0.0 0.966281 0.210207 0.032819 0.060412
0.0 0.871439 0.243225 0.034243 0.061942
0.0 0.821355 0.145697 0.030324 0.069805
0.0 0.635755 0.129414 0.030892 0.065715
0.0 0.612367 0.046770 0.025391 0.066482
0.0 0.562978 0.291550 0.030695 0.058776
0.0 0.970520 0.574453 0.027080 0.052842
0.0 0.948243 0.648440 0.035234 0.048247
0.0 0.951755 0.696141 0.033848 0.048090
0.0 0.806811 0.962038 0.031843 0.050623
0.0 0.724664 0.951980 0.028268 0.046061
0.0 0.430677 0.723729 0.021487 0.050811
0.0 0.363634 0.611072 0.027080 0.052842
0.0 0.185169 0.771587 0.028386 0.050229
0.0 0.258173 0.455077 0.025642 0.051285
0.0 0.219061 0.485378 0.028346 0.048831
