0.0 0.905241 0.355199 0.034737 0.056207
0.0 0.825644 0.180655 0.031971 0.055510
0.0 0.885817 0.619049 0.037144 0.062257
0.0 0.835734 0.457403 0.029653 0.050874
0.0 0.612623 0.232242 0.031029 0.062058
0.0 0.782368 0.521246 0.030000 0.056380
0.0 0.689042 0.628747 0.034303 0.060174
0.0 0.751052 0.790916 0.031377 0.056727
0.0 0.526075 0.702721 0.030770 0.057941
0.0 0.355766 0.226969 0.028970 0.061540
0.0 0.032200 0.329519 0.033956 0.065505
0.0 0.197696 0.645471 0.030421 0.052410
0.0 0.118478 0.793513 0.029827 0.053627
0.0 0.280734 0.735845 0.032753 0.057074
0.0 0.230202 0.722675 0.030608 0.066029
