0.0 0.059152 0.080164 0.033586 0.062121
0.0 0.150670 0.139898 0.035028 0.063729
0.0 0.207196 0.057652 0.031240 0.071332
0.0 0.392060 0.094478 0.031745 0.067290
0.0 0.421102 0.026608 0.026276 0.053216
0.0 0.452531 0.275716 0.031446 0.060366
0.0 0.028981 0.439477 0.027757 0.054241
0.0 0.045754 0.519062 0.035813 0.050145
0.0 0.038877 0.565274 0.034430 0.049906
0.0 0.163377 0.869797 0.032470 0.052311
0.0 0.245401 0.883275 0.028841 0.047555
0.0 0.552660 0.741216 0.022155 0.051888
0.0 0.627051 0.648835 0.027757 0.054240
0.0 0.792245 0.858615 0.029020 0.051715
0.0 0.742558 0.524517 0.026302 0.052605
0.0 0.779109 0.565665 0.028960 0.050320
