0.0 0.089707 0.566984 0.034888 0.056639
0.0 0.144376 0.357572 0.032126 0.055901
0.0 0.142178 0.812164 0.037315 0.062715
0.0 0.169960 0.630297 0.029794 0.051237
0.0 0.356921 0.298645 0.031211 0.062421
0.0 0.229708 0.664766 0.030162 0.056738
0.0 0.333666 0.721034 0.034471 0.060592
0.0 0.294420 0.909498 0.031537 0.057106
0.0 0.500675 0.709317 0.030936 0.058308
0.0 0.604588 0.162352 0.029154 0.061872
0.0 0.930519 0.096235 0.034145 0.065907
0.0 0.810855 0.486241 0.030566 0.052782
0.0 0.906350 0.588911 0.029978 0.053988
0.0 0.742111 0.616030 0.032912 0.057474
0.0 0.789286 0.577487 0.030806 0.066377
