0.0 0.910693 0.443682 0.034628 0.055895
0.0 0.854668 0.651656 0.031860 0.055228
0.0 0.859820 0.197159 0.037021 0.061927
0.0 0.830858 0.378289 0.029552 0.050612
0.0 0.641759 0.705055 0.030898 0.061797
0.0 0.771339 0.342271 0.029884 0.056122
0.0 0.667756 0.283306 0.034182 0.059873
0.0 0.708223 0.095878 0.031261 0.056454
0.0 0.500685 0.290683 0.030650 0.057676
0.0 0.393228 0.834902 0.028838 0.061300
0.0 0.066895 0.892545 0.033819 0.065216
0.0 0.189082 0.505682 0.030317 0.052141
0.0 0.094262 0.400538 0.029718 0.053367
0.0 0.258663 0.377689 0.032639 0.056786
0.0 0.211242 0.415003 0.030465 0.065777
