0.0 0.911324 0.533128 0.034041 0.054248
0.0 0.852389 0.328398 0.031265 0.053737
0.0 0.863947 0.782423 0.036363 0.060179
0.0 0.832443 0.602999 0.029009 0.049225
0.0 0.638810 0.287030 0.030202 0.060404
0.0 0.773455 0.642360 0.029263 0.054751
0.0 0.670745 0.707144 0.033535 0.058277
0.0 0.713839 0.892215 0.030645 0.055005
0.0 0.503636 0.709195 0.030012 0.056271
0.0 0.388548 0.171255 0.028136 0.060024
0.0 0.061531 0.132043 0.033092 0.063675
0.0 0.189126 0.511860 0.029757 0.050720
0.0 0.095826 0.622310 0.029136 0.051988
0.0 0.260484 0.635876 0.032027 0.055259
0.0 0.212556 0.601252 0.029708 0.064435
