0.0 0.093384 0.628459 0.034325 0.055042
0.0 0.171208 0.806172 0.031553 0.054456
0.0 0.115459 0.365444 0.036681 0.061022
0.0 0.163906 0.529074 0.029272 0.049893
0.0 0.384706 0.763170 0.030538 0.061076
0.0 0.217903 0.467392 0.029563 0.055413
0.0 0.312291 0.363670 0.033848 0.059046
0.0 0.251926 0.199038 0.030943 0.055704
0.0 0.475970 0.296270 0.030320 0.056949
0.0 0.641457 0.778782 0.028475 0.060640
0.0 0.965990 0.689277 0.033444 0.064419
0.0 0.803707 0.366727 0.030028 0.051405
0.0 0.884399 0.221904 0.029417 0.052653
0.0 0.721595 0.273030 0.032323 0.055995
0.0 0.771985 0.288231 0.030074 0.065084
