0.0 0.089735 0.432344 0.032683 0.050545
0.0 0.160739 0.243554 0.029897 0.050373
0.0 0.121523 0.691350 0.034843 0.056245
0.0 0.163755 0.520971 0.027759 0.046098
0.0 0.375244 0.254698 0.028617 0.057235
0.0 0.219895 0.574455 0.027845 0.051645
0.0 0.317878 0.663858 0.032048 0.054675
0.0 0.263798 0.837009 0.029232 0.051730
0.0 0.483608 0.706738 0.028553 0.053087
0.0 0.630705 0.200960 0.026543 0.057107
0.0 0.957666 0.241971 0.031434 0.060179
0.0 0.807820 0.587754 0.028468 0.047514
0.0 0.893671 0.720181 0.027802 0.048871
0.0 0.729418 0.693400 0.030618 0.051816
0.0 0.779103 0.670750 0.027994 0.061365
