0.0 0.065392 0.560001 0.033154 0.059483
0.0 0.101164 0.287829 0.033054 0.048385
0.0 0.143060 0.468309 0.028917 0.051010
0.0 0.335093 0.544104 0.028230 0.052385
0.0 0.361806 0.774436 0.028967 0.056559
0.0 0.569793 0.964928 0.030392 0.060783
0.0 0.798447 0.903967 0.030392 0.060783
0.0 0.655707 0.591672 0.028292 0.059309
0.0 0.828109 0.608434 0.029667 0.057984
0.0 0.630437 0.367539 0.023381 0.053586
0.0 0.710249 0.360509 0.026143 0.050911
0.0 0.819097 0.417051 0.024756 0.052261
0.0 0.684043 0.226025 0.027518 0.049561
0.0 0.378861 0.118846 0.027493 0.046786
0.0 0.308136 0.209590 0.027481 0.045412
