0.0 0.934261 0.430670 0.033459 0.060169
0.0 0.899952 0.703595 0.033300 0.049073
0.0 0.857090 0.524025 0.029179 0.051609
0.0 0.664661 0.452357 0.028499 0.052968
0.0 0.636712 0.222613 0.029258 0.057157
0.0 0.427716 0.036597 0.030705 0.061409
0.0 0.199402 0.102465 0.030705 0.061409
0.0 0.343810 0.411677 0.028598 0.059891
0.0 0.171327 0.398617 0.029965 0.058596
0.0 0.370282 0.635254 0.023658 0.054065
0.0 0.290512 0.643997 0.026405 0.051450
0.0 0.181367 0.589796 0.025025 0.052770
0.0 0.317439 0.777911 0.027772 0.050130
0.0 0.623178 0.878531 0.027732 0.047356
0.0 0.693412 0.786274 0.027712 0.045982
