0.0 0.093285 0.627193 0.034293 0.054951
0.0 0.170970 0.805148 0.031520 0.054374
0.0 0.115564 0.364247 0.036645 0.060925
0.0 0.163884 0.528027 0.029242 0.049817
0.0 0.384501 0.762810 0.030500 0.060999
0.0 0.217929 0.466514 0.029529 0.055337
0.0 0.312398 0.363085 0.033812 0.058958
0.0 0.252161 0.198266 0.030909 0.055624
0.0 0.476129 0.296196 0.030285 0.056872
0.0 0.641240 0.779222 0.028436 0.060570
0.0 0.965842 0.690728 0.033403 0.064334
0.0 0.803810 0.367673 0.029997 0.051327
0.0 0.884615 0.223101 0.029385 0.052577
0.0 0.721772 0.273720 0.032289 0.055911
0.0 0.772149 0.289078 0.030032 0.065010
