0.0 0.960103 0.173085 0.031725 0.057993
0.0 0.865998 0.213674 0.033123 0.059415
0.0 0.814001 0.120237 0.029032 0.067624
0.0 0.628224 0.118835 0.029684 0.063472
0.0 0.603200 0.038132 0.024147 0.064685
0.0 0.558753 0.286672 0.029626 0.056523
0.0 0.971633 0.536699 0.026117 0.050858
0.0 0.950856 0.612411 0.034394 0.045589
0.0 0.955320 0.659793 0.033007 0.045542
0.0 0.815818 0.937088 0.030943 0.048246
0.0 0.733536 0.933619 0.027446 0.043955
0.0 0.435214 0.729103 0.020544 0.049271
0.0 0.365968 0.621907 0.026117 0.050858
0.0 0.190861 0.796590 0.027481 0.048130
0.0 0.257468 0.474486 0.024705 0.049411
0.0 0.218994 0.507896 0.027469 0.046730
