0.0 0.933784 0.419613 0.033815 0.060974
0.0 0.901216 0.693390 0.033586 0.049883
0.0 0.857214 0.514926 0.029484 0.052312
0.0 0.664344 0.448167 0.028814 0.053653
0.0 0.634935 0.219153 0.029599 0.057857
0.0 0.424770 0.038476 0.031072 0.062143
0.0 0.196895 0.110154 0.031072 0.062143
0.0 0.343260 0.415663 0.028957 0.060572
0.0 0.170708 0.406998 0.030315 0.059313
0.0 0.371154 0.638547 0.023984 0.054624
0.0 0.291446 0.649322 0.026712 0.052082
0.0 0.181964 0.597906 0.025342 0.053365
0.0 0.319223 0.782539 0.028069 0.050798
0.0 0.625579 0.875362 0.028012 0.048026
0.0 0.695220 0.781324 0.027983 0.046652
