0.0 0.935642 0.501624 0.034031 0.061463
0.0 0.890831 0.234857 0.033759 0.050376
0.0 0.855076 0.420547 0.029669 0.052739
0.0 0.666014 0.521906 0.029005 0.054068
0.0 0.647077 0.755300 0.029806 0.058282
0.0 0.445941 0.970971 0.031294 0.058058
0.0 0.215758 0.943054 0.031294 0.062589
0.0 0.347714 0.612332 0.029175 0.060985
0.0 0.176261 0.652160 0.030527 0.059748
0.0 0.365419 0.385317 0.024182 0.054964
0.0 0.285550 0.388998 0.026898 0.052466
0.0 0.178841 0.460000 0.025534 0.053727
0.0 0.307192 0.251304 0.028249 0.051204
0.0 0.608098 0.103469 0.028181 0.048433
0.0 0.681704 0.184531 0.028147 0.047059
