0.0 0.943079 0.089666 0.033308 0.061500
0.0 0.851246 0.147429 0.034743 0.063081
0.0 0.795165 0.063974 0.030908 0.070779
0.0 0.610114 0.096822 0.031436 0.066720
0.0 0.581477 0.027357 0.025954 0.054715
0.0 0.548672 0.276750 0.031174 0.059790
0.0 0.971317 0.449608 0.027512 0.053733
0.0 0.954117 0.528827 0.035604 0.049454
0.0 0.960746 0.575184 0.034220 0.049245
0.0 0.834616 0.877014 0.032243 0.051697
0.0 0.752524 0.888726 0.028633 0.047012
0.0 0.446047 0.740069 0.021912 0.051498
0.0 0.372156 0.646094 0.027512 0.053733
0.0 0.205845 0.852311 0.028791 0.051175
0.0 0.257324 0.519300 0.026063 0.052126
0.0 0.220554 0.559660 0.028738 0.049779
