0.0 0.935075 0.455550 0.032637 0.058325
0.0 0.896875 0.726400 0.032638 0.047225
0.0 0.856600 0.544450 0.028475 0.050000
0.0 0.665275 0.461800 0.027775 0.051400
0.0 0.640625 0.230550 0.028475 0.055550
0.0 0.434375 0.032650 0.029863 0.059725
0.0 0.205212 0.085425 0.029863 0.059725
0.0 0.345137 0.402775 0.027775 0.058325
0.0 0.172912 0.379850 0.029163 0.056950
0.0 0.368400 0.627775 0.022913 0.052775
0.0 0.288538 0.631950 0.025700 0.050000
0.0 0.180212 0.571525 0.024300 0.051400
0.0 0.313537 0.767350 0.027087 0.048600
0.0 0.617712 0.885425 0.027087 0.045825
0.0 0.689238 0.797225 0.027088 0.044450
