0.0 0.065118 0.448548 0.032871 0.058848
0.0 0.102227 0.720004 0.032826 0.047749
0.0 0.143233 0.538708 0.028675 0.050457
0.0 0.334884 0.459141 0.027981 0.051845
0.0 0.360464 0.228295 0.028698 0.056007
0.0 0.567504 0.033721 0.030102 0.060204
0.0 0.796446 0.090184 0.030102 0.060204
0.0 0.655249 0.405271 0.028009 0.058770
0.0 0.827560 0.385119 0.029391 0.057418
0.0 0.631082 0.629889 0.023124 0.053142
0.0 0.710925 0.635350 0.025900 0.050412
0.0 0.819489 0.576670 0.024506 0.051789
0.0 0.685381 0.770343 0.027282 0.049034
0.0 0.380740 0.883518 0.027271 0.046260
0.0 0.309573 0.794169 0.027266 0.044885
