0.0 0.934141 0.427719 0.033554 0.060385
0.0 0.900295 0.700875 0.033377 0.049290
0.0 0.857129 0.521597 0.029261 0.051797
0.0 0.664579 0.451238 0.028583 0.053152
0.0 0.636240 0.221685 0.029350 0.057345
0.0 0.426929 0.037091 0.030803 0.061606
0.0 0.198728 0.104510 0.030803 0.061606
0.0 0.343661 0.412739 0.028694 0.060073
0.0 0.171157 0.400852 0.030059 0.058788
0.0 0.370513 0.636135 0.023745 0.054215
0.0 0.290758 0.645421 0.026487 0.051620
0.0 0.181521 0.591962 0.025110 0.052929
0.0 0.317912 0.779151 0.027851 0.050309
0.0 0.623821 0.877691 0.027807 0.047536
0.0 0.693898 0.784957 0.027785 0.046161
