0.0 0.911112 0.542350 0.031950 0.048600
0.0 0.843050 0.735425 0.029163 0.048600
0.0 0.875350 0.285425 0.034025 0.054175
0.0 0.835763 0.458325 0.027087 0.044450
0.0 0.628475 0.737500 0.027775 0.055550
0.0 0.778825 0.408325 0.027088 0.050000
0.0 0.679513 0.325000 0.031250 0.052775
0.0 0.730900 0.148600 0.028475 0.050000
0.0 0.513200 0.292350 0.027775 0.051400
0.0 0.373963 0.806950 0.025700 0.055550
0.0 0.046525 0.786100 0.030550 0.058325
0.0 0.190975 0.431250 0.027775 0.045825
0.0 0.103125 0.304175 0.027087 0.047225
0.0 0.267712 0.320825 0.029863 0.050000
0.0 0.218400 0.346525 0.027087 0.059725
