0.0 0.032058 0.778878 0.033128 0.061099
0.0 0.127087 0.748078 0.034559 0.062661
0.0 0.176597 0.846770 0.030692 0.070421
0.0 0.362089 0.867389 0.031235 0.066350
0.0 0.384993 0.950573 0.025746 0.066986
0.0 0.435808 0.706964 0.030997 0.059416
0.0 0.029948 0.414557 0.027353 0.053404
0.0 0.052655 0.341097 0.035468 0.049008
0.0 0.049422 0.293316 0.034084 0.048818
0.0 0.195909 0.030824 0.032096 0.051301
0.0 0.277992 0.042801 0.028499 0.046661
0.0 0.570625 0.277907 0.021755 0.051245
0.0 0.637005 0.392122 0.027353 0.053404
0.0 0.816396 0.235788 0.028642 0.050826
0.0 0.741548 0.550571 0.025908 0.051816
0.0 0.780834 0.521186 0.028594 0.049429
