0.0 0.088887 0.542350 0.031950 0.048600
0.0 0.156950 0.735425 0.029162 0.048600
0.0 0.124650 0.285425 0.034025 0.054175
0.0 0.164237 0.458325 0.027088 0.044450
0.0 0.371525 0.737500 0.027775 0.055550
0.0 0.221175 0.408325 0.027088 0.050000
0.0 0.320487 0.325000 0.031250 0.052775
0.0 0.269100 0.148600 0.028475 0.050000
0.0 0.486800 0.292350 0.027775 0.051400
0.0 0.626037 0.806950 0.025700 0.055550
0.0 0.953475 0.786100 0.030550 0.058325
0.0 0.809025 0.431250 0.027775 0.045825
0.0 0.896875 0.304175 0.027087 0.047225
0.0 0.732288 0.320825 0.029863 0.050000
0.0 0.781600 0.346525 0.027087 0.059725
