0.0 0.050562 0.881669 0.032455 0.059605
0.0 0.143275 0.829834 0.033871 0.061099
0.0 0.197988 0.916847 0.029893 0.069081
0.0 0.383470 0.895899 0.030490 0.064969
0.0 0.410877 0.970251 0.024975 0.059498
0.0 0.447769 0.720010 0.030339 0.058026
0.0 0.028117 0.520100 0.026759 0.052181
0.0 0.046580 0.442026 0.034956 0.047358
0.0 0.040699 0.395267 0.033570 0.047238
0.0 0.171609 0.101693 0.031545 0.049829
0.0 0.253847 0.095258 0.027995 0.045358
0.0 0.557779 0.263519 0.021172 0.050300
0.0 0.630123 0.362190 0.026759 0.052181
0.0 0.799660 0.166760 0.028085 0.049529
0.0 0.742860 0.496294 0.025330 0.050661
0.0 0.780260 0.458316 0.028055 0.048130
