0.0 0.026186 0.264090 0.034291 0.063701
0.0 0.121818 0.286190 0.035748 0.065383
0.0 0.169027 0.183086 0.032088 0.072730
0.0 0.353856 0.145571 0.032533 0.068739
0.0 0.374839 0.060384 0.027099 0.068865
0.0 0.431156 0.299105 0.032137 0.061834
0.0 0.032385 0.628224 0.028381 0.055531
0.0 0.056744 0.699537 0.036336 0.051914
0.0 0.054603 0.747563 0.034957 0.051598
0.0 0.206923 0.984741 0.033042 0.030518
0.0 0.288647 0.976250 0.029364 0.047500
0.0 0.575615 0.715421 0.022775 0.052873
0.0 0.639323 0.595271 0.028381 0.055531
0.0 0.822091 0.735081 0.029602 0.053090
0.0 0.740143 0.427452 0.026911 0.053821
0.0 0.780059 0.453223 0.029522 0.051699
