0.0 0.089702 0.433154 0.032660 0.050484
0.0 0.160612 0.244224 0.029874 0.050317
0.0 0.121618 0.692098 0.034817 0.056180
0.0 0.163766 0.521635 0.027738 0.046045
0.0 0.375123 0.254945 0.028591 0.057182
0.0 0.219932 0.575008 0.027821 0.051593
0.0 0.317959 0.664218 0.032023 0.054615
0.0 0.263964 0.837475 0.029208 0.051676
0.0 0.483710 0.706771 0.028529 0.053033
0.0 0.630557 0.200702 0.026517 0.057058
0.0 0.957538 0.241068 0.031406 0.060121
0.0 0.807863 0.587146 0.028446 0.047461
0.0 0.893779 0.719403 0.027779 0.048819
0.0 0.729513 0.692947 0.030595 0.051758
0.0 0.779187 0.670198 0.027966 0.061314
