0.0 0.960840 0.177265 0.031851 0.058272
0.0 0.866644 0.217000 0.033253 0.059706
0.0 0.814860 0.123091 0.029181 0.067876
0.0 0.629088 0.120003 0.029823 0.063732
0.0 0.604247 0.039074 0.024290 0.064894
0.0 0.559236 0.287207 0.029749 0.056783
0.0 0.971545 0.540981 0.026228 0.051087
0.0 0.950596 0.616503 0.034492 0.045894
0.0 0.954953 0.663925 0.033105 0.045834
0.0 0.814823 0.939951 0.031047 0.048519
0.0 0.732549 0.935735 0.027541 0.044198
0.0 0.434694 0.728512 0.020652 0.049449
0.0 0.365693 0.620689 0.026228 0.051087
0.0 0.190191 0.793781 0.027586 0.048372
0.0 0.257528 0.472284 0.024814 0.049627
0.0 0.218979 0.505345 0.027571 0.046972
