0.0 0.911652 0.504063 0.033046 0.051519
0.0 0.848153 0.703260 0.030261 0.051260
0.0 0.869954 0.250743 0.035248 0.057281
0.0 0.834430 0.427138 0.028092 0.046922
0.0 0.633859 0.725293 0.029037 0.058073
0.0 0.776391 0.382489 0.028221 0.052465
0.0 0.675249 0.308491 0.032443 0.055625
0.0 0.722479 0.127502 0.029607 0.052595
0.0 0.508357 0.291347 0.028940 0.053928
0.0 0.381237 0.818342 0.026964 0.057880
0.0 0.053669 0.827972 0.031873 0.061104
0.0 0.189711 0.460069 0.028811 0.048359
0.0 0.099001 0.341303 0.028156 0.049694
0.0 0.263797 0.342626 0.030993 0.052724
0.0 0.215136 0.372885 0.028447 0.062180
