0.0 0.935383 0.057938 0.034226 0.063555
0.0 0.844651 0.122294 0.035682 0.065231
0.0 0.787101 0.042943 0.032010 0.072602
0.0 0.602763 0.089134 0.032461 0.068606
0.0 0.572777 0.024942 0.027023 0.049884
0.0 0.544610 0.273381 0.032074 0.061699
0.0 0.970100 0.415605 0.028324 0.055413
0.0 0.954341 0.496015 0.036288 0.051751
0.0 0.961803 0.541863 0.034909 0.051442
0.0 0.841204 0.852604 0.032989 0.053735
0.0 0.759377 0.870237 0.029316 0.048815
0.0 0.450416 0.743809 0.022718 0.052782
0.0 0.374877 0.655231 0.028324 0.055413
0.0 0.212397 0.873323 0.029548 0.052964
0.0 0.257831 0.536812 0.026855 0.053710
0.0 0.221813 0.579801 0.029470 0.051573
