0.0 0.935609 0.489152 0.033738 0.060800
0.0 0.892212 0.756853 0.033524 0.049708
0.0 0.855477 0.571931 0.029418 0.052160
0.0 0.665889 0.474581 0.028746 0.053505
0.0 0.645718 0.241601 0.029525 0.057706
0.0 0.443439 0.029463 0.030992 0.058927
0.0 0.213429 0.062989 0.030992 0.061985
0.0 0.347128 0.390899 0.028879 0.060425
0.0 0.175474 0.354702 0.030239 0.059158
0.0 0.366033 0.617526 0.023913 0.054504
0.0 0.286150 0.615536 0.026645 0.051946
0.0 0.179071 0.546798 0.025273 0.053237
0.0 0.308519 0.752764 0.028005 0.050654
0.0 0.610190 0.894220 0.027951 0.047881
0.0 0.683363 0.811605 0.027925 0.046507
