0.0 0.053907 0.102941 0.032916 0.060627
0.0 0.146162 0.157955 0.034342 0.062168
0.0 0.201614 0.072835 0.030440 0.069999
0.0 0.386889 0.100155 0.031000 0.065914
0.0 0.414958 0.028441 0.025502 0.056881
0.0 0.449667 0.278228 0.030790 0.058977
0.0 0.028360 0.463685 0.027166 0.053018
0.0 0.046149 0.542382 0.035307 0.048486
0.0 0.039867 0.588932 0.033922 0.048318
0.0 0.168236 0.886962 0.031923 0.050835
0.0 0.250406 0.896222 0.028340 0.046249
0.0 0.555739 0.738432 0.021571 0.050948
0.0 0.628920 0.642261 0.027166 0.053018
0.0 0.796752 0.843489 0.028467 0.050416
0.0 0.742793 0.512053 0.025726 0.051452
0.0 0.779860 0.551310 0.028424 0.049019
