0.0 0.066661 0.410517 0.034105 0.061629
0.0 0.097792 0.684962 0.033817 0.050544
0.0 0.142727 0.507431 0.029732 0.052884
0.0 0.335937 0.444722 0.029069 0.054210
0.0 0.366546 0.216337 0.029876 0.058427
0.0 0.577646 0.040080 0.031370 0.062740
0.0 0.805133 0.116535 0.031370 0.062740
0.0 0.657174 0.418956 0.029249 0.061125
0.0 0.829761 0.413912 0.030599 0.059896
0.0 0.628112 0.641243 0.024249 0.055079
0.0 0.707759 0.653689 0.026961 0.052596
0.0 0.817505 0.604573 0.025599 0.053849
0.0 0.679285 0.786316 0.028310 0.051342
0.0 0.372459 0.872707 0.028238 0.048571
0.0 0.303315 0.777212 0.028203 0.047198
