0.0 0.088887 0.457650 0.031950 0.048600
0.0 0.156950 0.264575 0.029162 0.048600
0.0 0.124650 0.714575 0.034025 0.054175
0.0 0.164237 0.541675 0.027088 0.044450
0.0 0.371525 0.262500 0.027775 0.055550
0.0 0.221175 0.591675 0.027088 0.050000
0.0 0.320487 0.675000 0.031250 0.052775
0.0 0.269100 0.851400 0.028475 0.050000
0.0 0.486800 0.707650 0.027775 0.051400
0.0 0.626037 0.193050 0.025700 0.055550
0.0 0.953475 0.213900 0.030550 0.058325
0.0 0.809025 0.568750 0.027775 0.045825
0.0 0.896875 0.695825 0.027087 0.047225
0.0 0.732288 0.679175 0.029863 0.050000
0.0 0.781600 0.653475 0.027087 0.059725
