0.0 0.064925 0.544450 0.032638 0.058325
0.0 0.103125 0.273600 0.032637 0.047225
0.0 0.143400 0.455550 0.028475 0.050000
0.0 0.334725 0.538200 0.027775 0.051400
0.0 0.359375 0.769450 0.028475 0.055550
0.0 0.565625 0.967350 0.029863 0.059725
0.0 0.794788 0.914575 0.029863 0.059725
0.0 0.654863 0.597225 0.027775 0.058325
0.0 0.827088 0.620150 0.029163 0.056950
0.0 0.631600 0.372225 0.022913 0.052775
0.0 0.711462 0.368050 0.025700 0.050000
0.0 0.819788 0.428475 0.024300 0.051400
0.0 0.686463 0.232650 0.027087 0.048600
0.0 0.382288 0.114575 0.027088 0.045825
0.0 0.310762 0.202775 0.027088 0.044450
