0.0 0.042712 0.157650 0.031250 0.056950
0.0 0.136462 0.201400 0.032638 0.058325
0.0 0.189238 0.109725 0.028475 0.066675
0.0 0.375000 0.114575 0.029163 0.062500
0.0 0.400700 0.034725 0.023612 0.063900
0.0 0.443050 0.284725 0.029163 0.055550
0.0 0.028125 0.520825 0.025700 0.050000
0.0 0.048262 0.597225 0.034025 0.044450
0.0 0.043400 0.644450 0.032637 0.044450
0.0 0.180550 0.926400 0.030550 0.047225
0.0 0.262850 0.925700 0.027088 0.043050
0.0 0.562850 0.731250 0.020138 0.048600
0.0 0.632987 0.626400 0.025700 0.050000
0.0 0.806600 0.806950 0.027087 0.047225
0.0 0.742712 0.482650 0.024300 0.048600
0.0 0.780900 0.517350 0.027087 0.045825
