0.0 0.935249 0.537035 0.035219 0.064168
0.0 0.884564 0.799563 0.034701 0.053117
0.0 0.852964 0.610883 0.030686 0.055102
0.0 0.666337 0.492847 0.030054 0.056365
0.0 0.652596 0.258003 0.030945 0.060627
0.0 0.456492 0.027477 0.032522 0.054954
0.0 0.225867 0.032341 0.032522 0.064681
0.0 0.350356 0.374265 0.030378 0.063259
0.0 0.179955 0.319262 0.031695 0.062150
0.0 0.363007 0.602628 0.025277 0.056825
0.0 0.283299 0.591863 0.027923 0.054583
0.0 0.178270 0.511463 0.026595 0.055715
0.0 0.301865 0.731342 0.029239 0.053448
0.0 0.599194 0.905733 0.029109 0.050686
0.0 0.674526 0.831283 0.029045 0.049317
