0.0 0.957287 0.842350 0.031250 0.056950
0.0 0.863537 0.798600 0.032637 0.058325
0.0 0.810762 0.890275 0.028475 0.066675
0.0 0.625000 0.885425 0.029163 0.062500
0.0 0.599300 0.965275 0.023612 0.063900
0.0 0.556950 0.715275 0.029163 0.055550
0.0 0.971875 0.479175 0.025700 0.050000
0.0 0.951737 0.402775 0.034025 0.044450
0.0 0.956600 0.355550 0.032637 0.044450
0.0 0.819450 0.073600 0.030550 0.047225
0.0 0.737150 0.074300 0.027088 0.043050
0.0 0.437150 0.268750 0.020138 0.048600
0.0 0.367013 0.373600 0.025700 0.050000
0.0 0.193400 0.193050 0.027087 0.047225
0.0 0.257288 0.517350 0.024300 0.048600
0.0 0.219100 0.482650 0.027087 0.045825
