0.0 0.088686 0.466379 0.034054 0.054283
0.0 0.147560 0.671180 0.031278 0.053769
0.0 0.136137 0.217141 0.036377 0.060217
0.0 0.167588 0.396603 0.029021 0.049255
0.0 0.361126 0.712804 0.030217 0.060434
0.0 0.226587 0.357313 0.029277 0.054781
0.0 0.329317 0.292651 0.033549 0.058311
0.0 0.286279 0.107529 0.030658 0.055037
0.0 0.496426 0.290801 0.030026 0.056302
0.0 0.611354 0.828879 0.028151 0.060051
0.0 0.938358 0.868482 0.033108 0.063709
0.0 0.810878 0.488513 0.029769 0.050750
0.0 0.904211 0.378175 0.029149 0.052018
0.0 0.739557 0.364411 0.032040 0.055292
0.0 0.787475 0.399093 0.029725 0.064464
