0.0 0.049472 0.123506 0.032298 0.059260
0.0 0.142333 0.174275 0.033711 0.060738
0.0 0.196794 0.086633 0.029708 0.068769
0.0 0.382334 0.105448 0.030317 0.064649
0.0 0.409517 0.030201 0.024797 0.060402
0.0 0.447137 0.280595 0.030186 0.057704
0.0 0.028067 0.485327 0.026622 0.051897
0.0 0.046754 0.563188 0.034837 0.046977
0.0 0.041007 0.610014 0.033450 0.046873
0.0 0.172760 0.902077 0.031416 0.049489
0.0 0.255015 0.907566 0.027878 0.045056
0.0 0.558458 0.735813 0.021037 0.050080
0.0 0.630517 0.636311 0.026622 0.051897
0.0 0.800613 0.829788 0.027956 0.049228
0.0 0.742867 0.500913 0.025196 0.050393
0.0 0.780375 0.538460 0.027930 0.047829
