0.0 0.089210 0.553412 0.032274 0.049456
0.0 0.158565 0.744637 0.029487 0.049381
0.0 0.123240 0.295547 0.034386 0.055086
0.0 0.163987 0.467366 0.027384 0.045175
0.0 0.373135 0.740937 0.028146 0.056293
0.0 0.220583 0.415838 0.027422 0.050725
0.0 0.319326 0.329848 0.031602 0.053611
0.0 0.266756 0.154847 0.028809 0.050762
0.0 0.485404 0.292724 0.028118 0.052143
0.0 0.628092 0.803530 0.026071 0.056237
0.0 0.955359 0.773868 0.030940 0.059142
0.0 0.808534 0.422938 0.028081 0.046568
0.0 0.895521 0.293510 0.027403 0.047950
0.0 0.731061 0.314589 0.030196 0.050799
0.0 0.780542 0.338959 0.027487 0.060449
