0.0 0.935124 0.542482 0.035381 0.064539
0.0 0.883619 0.804370 0.034828 0.053495
0.0 0.852610 0.615299 0.030825 0.055426
0.0 0.666356 0.494929 0.030198 0.056680
0.0 0.653350 0.259918 0.031101 0.060949
0.0 0.457987 0.027293 0.032690 0.054587
0.0 0.227336 0.030714 0.032690 0.061427
0.0 0.350753 0.372395 0.030543 0.063570
0.0 0.180527 0.315259 0.031855 0.062479
0.0 0.362689 0.600911 0.025428 0.057079
0.0 0.283016 0.589149 0.028063 0.054873
0.0 0.178240 0.507435 0.026740 0.055987
0.0 0.301145 0.728857 0.029374 0.053757
0.0 0.597923 0.906967 0.029236 0.050995
0.0 0.673486 0.833461 0.029167 0.049627
