0.0 0.065625 0.433581 0.036077 0.066143
0.0 0.120715 0.174627 0.035372 0.055133
0.0 0.149110 0.365334 0.031419 0.056828
0.0 0.333638 0.495911 0.030814 0.058039
0.0 0.343404 0.731550 0.031772 0.062333
0.0 0.535417 0.973411 0.033413 0.053179
0.0 0.766075 0.976340 0.033413 0.047319
0.0 0.647435 0.635773 0.031254 0.064908
0.0 0.816810 0.702257 0.032543 0.063896
0.0 0.638648 0.406686 0.026078 0.058167
0.0 0.718129 0.422830 0.028667 0.056123
0.0 0.821740 0.510280 0.027367 0.057156
0.0 0.701929 0.282176 0.029954 0.055087
0.0 0.407715 0.087797 0.029778 0.052334
0.0 0.331169 0.157115 0.029691 0.050970
