0.0 0.911393 0.470476 0.033948 0.053988
0.0 0.852009 0.674688 0.031171 0.053502
0.0 0.864562 0.220768 0.036258 0.059904
0.0 0.832666 0.399915 0.028923 0.049006
0.0 0.638343 0.714184 0.030092 0.060183
0.0 0.773765 0.360037 0.029165 0.054534
0.0 0.671197 0.294353 0.033432 0.058025
0.0 0.714696 0.109662 0.030547 0.054776
0.0 0.504094 0.290839 0.029911 0.056049
0.0 0.387829 0.827766 0.028025 0.059821
0.0 0.060730 0.864112 0.032977 0.063432
0.0 0.189155 0.485417 0.029668 0.050495
0.0 0.096098 0.374151 0.029044 0.051770
0.0 0.260784 0.362027 0.031929 0.055019
0.0 0.212780 0.396231 0.029589 0.064222
