0.0 0.956782 0.154959 0.031334 0.057134
0.0 0.863096 0.199261 0.032723 0.058517
0.0 0.810187 0.107897 0.028573 0.066842
0.0 0.624432 0.113841 0.029254 0.062671
0.0 0.598615 0.034142 0.023706 0.064039
0.0 0.556633 0.284391 0.029244 0.055721
0.0 0.971904 0.518047 0.025773 0.050151
0.0 0.951879 0.594565 0.034090 0.044650
0.0 0.956811 0.641761 0.032703 0.044642
0.0 0.820076 0.924517 0.030619 0.047405
0.0 0.737776 0.924302 0.027151 0.043209
0.0 0.437491 0.731619 0.020209 0.048718
0.0 0.367199 0.627182 0.025773 0.050151
0.0 0.193853 0.808754 0.027157 0.047384
0.0 0.257263 0.484079 0.024371 0.048743
0.0 0.219127 0.519004 0.027155 0.045984
