0.0 0.064382 0.509165 0.034370 0.062230
0.0 0.110841 0.774802 0.034028 0.051151
0.0 0.145443 0.588241 0.029959 0.053409
0.0 0.333863 0.482208 0.029303 0.054720
0.0 0.351353 0.248363 0.030130 0.058948
0.0 0.551125 0.028552 0.031643 0.057104
0.0 0.781477 0.049940 0.031643 0.063286
0.0 0.651579 0.383905 0.029516 0.061632
0.0 0.822772 0.339833 0.030859 0.060430
0.0 0.635281 0.611341 0.024492 0.055494
0.0 0.715121 0.605682 0.027189 0.053067
0.0 0.821382 0.532043 0.025835 0.054292
0.0 0.694333 0.743902 0.028531 0.051841
0.0 0.394366 0.899178 0.028446 0.049071
0.0 0.320263 0.819946 0.028403 0.047699
