0.0 0.088734 0.535914 0.034113 0.054448
0.0 0.147323 0.330786 0.031338 0.053919
0.0 0.136533 0.784887 0.036443 0.060392
0.0 0.167733 0.605250 0.029075 0.049393
0.0 0.360830 0.287971 0.030287 0.060574
0.0 0.226787 0.644212 0.029339 0.054918
0.0 0.329607 0.708300 0.033614 0.058471
0.0 0.286827 0.893662 0.030720 0.055182
0.0 0.496718 0.709219 0.030090 0.056442
0.0 0.610895 0.170501 0.028221 0.060180
0.0 0.937843 0.129075 0.033181 0.063863
0.0 0.810893 0.509753 0.029825 0.050893
0.0 0.904379 0.619571 0.029207 0.052156
0.0 0.739745 0.634252 0.032101 0.055445
0.0 0.787614 0.599304 0.029801 0.064599
