0.0 0.932500 0.395547 0.034574 0.062695
0.0 0.903747 0.671028 0.034191 0.051621
0.0 0.857283 0.495077 0.030134 0.053815
0.0 0.663561 0.439057 0.029484 0.055115
0.0 0.630982 0.211765 0.030326 0.059351
0.0 0.418390 0.042833 0.031854 0.063708
0.0 0.191597 0.127143 0.031854 0.063708
0.0 0.342149 0.424403 0.029723 0.062023
0.0 0.169544 0.425327 0.031060 0.060843
0.0 0.373128 0.645651 0.024681 0.055815
0.0 0.293600 0.660850 0.027366 0.053431
0.0 0.183447 0.615535 0.026017 0.054634
0.0 0.323217 0.792473 0.028701 0.052226
0.0 0.630744 0.868241 0.028606 0.049458
0.0 0.699051 0.770370 0.028558 0.048086
