0.0 0.932681 0.047454 0.034524 0.064224
0.0 0.842346 0.113997 0.035985 0.065931
0.0 0.784320 0.036319 0.032370 0.072637
0.0 0.600275 0.086681 0.032794 0.069217
0.0 0.569846 0.024200 0.027373 0.048400
0.0 0.543238 0.272320 0.032366 0.062320
0.0 0.969556 0.404257 0.028587 0.055958
0.0 0.954284 0.485041 0.036507 0.052504
0.0 0.962022 0.530706 0.035130 0.052162
0.0 0.843308 0.844337 0.033229 0.054401
0.0 0.761594 0.863945 0.029536 0.049404
0.0 0.451892 0.744989 0.022981 0.053197
0.0 0.375824 0.658242 0.028587 0.055958
0.0 0.214672 0.880243 0.029793 0.053547
0.0 0.258071 0.542658 0.027112 0.054224
0.0 0.222315 0.586514 0.029707 0.052157
