0.0 0.951838 0.870165 0.032106 0.058835
0.0 0.858801 0.820700 0.033514 0.060294
0.0 0.804648 0.909104 0.029481 0.068386
0.0 0.619047 0.892892 0.030105 0.064255
0.0 0.592138 0.969237 0.024579 0.061525
0.0 0.553631 0.718658 0.029998 0.057308
0.0 0.971973 0.508053 0.026453 0.051549
0.0 0.953013 0.430456 0.034689 0.046511
0.0 0.958596 0.383551 0.033302 0.046426
0.0 0.825822 0.093342 0.031258 0.049072
0.0 0.743550 0.089007 0.027733 0.044687
0.0 0.440716 0.265013 0.020871 0.049809
0.0 0.369008 0.365523 0.026453 0.051549
0.0 0.198238 0.174437 0.027797 0.048860
0.0 0.257136 0.502493 0.025032 0.050064
0.0 0.219497 0.465474 0.027776 0.047461
