0.0 0.065441 0.561405 0.035933 0.065811
0.0 0.119783 0.820991 0.035260 0.054793
0.0 0.148727 0.630615 0.031297 0.056537
0.0 0.333629 0.502169 0.030687 0.057757
0.0 0.344074 0.266647 0.031633 0.062047
0.0 0.536802 0.026723 0.033264 0.053446
0.0 0.767473 0.025124 0.033264 0.050248
0.0 0.647824 0.365931 0.031107 0.064631
0.0 0.817388 0.301402 0.032401 0.063603
0.0 0.638377 0.594912 0.025944 0.057943
0.0 0.717903 0.579686 0.028542 0.055864
0.0 0.821764 0.493433 0.027237 0.056914
0.0 0.701298 0.720150 0.029834 0.054811
0.0 0.406527 0.911131 0.029666 0.052057
0.0 0.330182 0.840931 0.029583 0.050692
