0 0.064925 0.45555 0.0326375 0.058324999999999995
0 0.103125 0.7264 0.0326375 0.047225
0 0.1434 0.54445 0.028475 0.05
0 0.33472499999999994 0.4618 0.027774999999999998 0.051399999999999994
0 0.359375 0.23055 0.028475 0.055549999999999995
0 0.565625 0.03265 0.0298625 0.059725
0 0.7947875000000001 0.085425 0.0298625 0.059725
0 0.6548625 0.40277500000000005 0.027774999999999998 0.058324999999999995
0 0.8270875 0.37985 0.029162499999999997 0.05695
0 0.6315999999999999 0.6277750000000001 0.0229125 0.052774999999999996
0 0.7114625 0.63195 0.025699999999999997 0.05
0 0.8197875 0.5715250000000001 0.024300000000000002 0.051399999999999994
0 0.6864625 0.76735 0.0270875 0.048600000000000004
0 0.3822875 0.885425 0.0270875 0.045825
0 0.3107625 0.797225 0.0270875 0.04445