0 0.0427125 0.15765 0.03125 0.05695
0 0.13646250000000001 0.2014 0.0326375 0.058324999999999995
0 0.18923749999999998 0.109725 0.028475 0.066675
0 0.375 0.114575 0.029162499999999997 0.0625
0 0.4007 0.034725 0.0236125 0.0639
0 0.44305 0.284725 0.029162499999999997 0.055549999999999995
0 0.028125 0.520825 0.025699999999999997 0.05
0 0.0482625 0.597225 0.034025 0.04445
0 0.0434 0.64445 0.0326375 0.04445
0 0.18055 0.9264 0.03055 0.047225
0 0.26285000000000003 0.9257 0.0270875 0.04305
0 0.56285 0.73125 0.0201375 0.048600000000000004
0 0.6329875 0.6264 0.025699999999999997 0.05
0 0.8066 0.80695 0.0270875 0.047225
0 0.7427125 0.48265 0.024300000000000002 0.048600000000000004
0 0.7809 0.51735 0.0270875 0.045825