0 0.065625 0.45485 0.0354125 0.05695
0 0.22048749999999998 0.25555 0.034025 0.0639
0 0.4 0.0361 0.029162499999999997 0.066675
0 0.7947875000000001 0.08195000000000001 0.03125 0.066675
0 0.49652500000000005 0.5055499999999999 0.027774999999999998 0.055549999999999995
0 0.603125 0.295825 0.025699999999999997 0.066675
0 0.16146249999999998 0.8389 0.028475 0.05
0 0.2382 0.85625 0.026387499999999998 0.051399999999999994
0 0.1923625 0.927775 0.029162499999999997 0.047225
0 0.1618 0.9444499999999999 0.029162499999999997 0.047225
0 0.68715 0.7618 0.0298625 0.048600000000000004
0 0.8034749999999999 0.80695 0.03195 0.058324999999999995
0 0.6333375 0.627075 0.027774999999999998 0.05695
0 0.7107625 0.633325 0.0270875 0.052774999999999996
0 0.7430500000000001 0.48195 0.027774999999999998 0.052774999999999996
0 0.7791625000000001 0.515975 0.026387499999999998 0.054175