0 0.0888875 0.45765 0.03195 0.048600000000000004
0 0.15695 0.264575 0.029162499999999997 0.048600000000000004
0 0.12465 0.714575 0.034025 0.054175
0 0.16423749999999998 0.541675 0.0270875 0.04445
0 0.37152500000000005 0.2625 0.027774999999999998 0.055549999999999995
0 0.221175 0.591675 0.0270875 0.05
0 0.3204875 0.675 0.03125 0.052774999999999996
0 0.2691 0.8514 0.028475 0.05
0 0.4868 0.70765 0.027774999999999998 0.051399999999999994
0 0.6260375 0.19305 0.025699999999999997 0.055549999999999995
0 0.953475 0.2139 0.03055 0.058324999999999995
0 0.809025 0.56875 0.027774999999999998 0.045825
0 0.896875 0.6958249999999999 0.0270875 0.047225
0 0.7322875000000001 0.6791750000000001 0.0298625 0.05
0 0.7816 0.6534749999999999 0.0270875 0.059725